% date | month | susceptible | active cases | recovered case | deceased case | daily confirmed case
          15           2    25499869           5          10           0           5
          16           2    25499869           5          10           0           0
          17           2    25499869           5          10           0           0
          18           2    25499869           5          10           0           0
          19           2    25499869           5          10           0           0
          20           2    25499867           6          11           0           2
          21           2    25499865           8          11           0           2
          22           2    25499863          10          11           0           2
          23           2    25499862          11          11           0           1
          24           2    25499862          11          11           0           0
          25           2    25499862           7          15           0           0
          26           2    25499861           8          15           0           1
          27           2    25499861           8          15           0           0
          28           2    25499859          10          15           0           2
          29           2    25499859          10          15           0           0
           1           3    25499855          13          15           1           4
           2           3    25499851          17          15           1           4
           3           3    25499845          17          21           1           6
           4           3    25499831          30          21           2          14
           5           3    25499824          36          22           2           7
           6           3    25499821          39          22           2           3
           7           3    25499810          49          22           3          11
           8           3    25499801          58          22           3           9
           9           3    25499791          68          22           3          10
          10           3    25499768          91          22           3          23
          11           3    25499756         101          24           3          12
          12           3    25499728         127          26           3          28
          13           3    25499685         170          26           3          43
          14           3    25499636         218          27           3          49
          15           3    25499584         268          27           5          52
          16           3    25499483         369          27           5         101
          17           3    25499429         423          27           5          54
          18           3    25499288         547          43           6         141
          19           3    25499128         703          46           7         160
          20           3    25498956         875          46           7         172
          21           3    25498812        1019          46           7         144
          22           3    25498275        1514          88           7         537
          23           3    25497997        1762         118           7         278
          24           3    25497567        2191         118           8         430
          25           3    25497208        2547         118          11         359
          26           3    25496834        2867         170          13         374
          27           3    25496506        3195         170          13         328
          28           3    25496249        3451         170          14         257
          29           3    25495721        3902         244          17         528
          30           3    25495424        4197         244          19         297
          31           3    25495121        4398         345          20         303
           1           4    25494836        4680         345          23         285
           2           4    25494570        4704         585          25         266
           3           4    25494430        4841         585          28         140
           4           4    25494334        4935         585          30          96
           5           4    25494134        4633        1080          37         200
           6           4    25493989        3418        2432          45         145
           7           4    25493896        3392        2547          49          93
           8           4    25493832        3189        2813          50          64
           9           4    25493732        3114        2987          51         100
          10           4    25493646        3043        3141          54          86
          11           4    25493581        2982        3265          56          65
          12           4    25493571        2916        3338          59          10
          13           4    25493525        2804        3494          61          46
          14           4    25493484        2741        3598          61          41
          15           4    25493437        2698        3686          63          47
          16           4    25493416        2658        3747          63          21
          17           4    25493351        2647        3821          65          65
          18           4    25493298        2349        4167          70          53
          19           4    25493272        2311        4230          71          26
          20           4    25493259        2296        4258          71          13
          21           4    25493239        1889        4685          71          20
          22           4    25493235        1655        4920          74           4
          23           4    25493217        1547        5045          75          18
          24           4    25493209        1460        5136          79           8
          25           4    25493189        1243        5372          80          20
          26           4    25493168        1073        5560          83          21
          27           4    25493164        1051        5586          83           4
          28           4    25493146        1024        5626          88          18
          29           4    25493138         990        5667          89           8
          30           4    25493130         947        5715          92           8
           1           5    25493117         929        5745          93          13
           2           5    25493103         899        5789          93          14
           3           5    25493083         889        5817          95          20
           4           5    25493059         871        5859          95          24
           5           5    25493035         864        5889          96          24
           6           5    25493009         794        5984          97          26
           7           5    25492988         759        6040          97          21
           8           5    25492970         738        6079          97          18
           9           5    25492955         697        6135          97          15
          10           5    25492943         681        6163          97          12
          11           5    25492936         672        6179          97           7
          12           5    25492920         638        6229          97          16
          13           5    25492904         611        6271          98          16
          14           5    25492895         590        6301          98           9
          15           5    25492865         584        6337          98          30
          16           5    25492848         576        6362          98          17
          17           5    25492839         580        6367          98           9
          18           5    25492824         569        6392          99          15
          19           5    25492816         555        6413         100           8
          20           5    25492805         535        6444         100          11
          21           5    25492803         509        6472         100           2
          22           5    25492789         515        6479         101          14
          23           5    25492773         515        6494         102          16
          24           5    25492770         504        6508         102           3
          25           5    25492766         485        6531         102           4
          26           5    25492751         478        6553         102          15
          27           5    25492745         471        6566         102           6
          28           5    25492734         468        6580         102          11
          29           5    25492711         489        6582         102          23
          30           5    25492699         477        6606         102          12
          31           5    25492689         479        6614         102          10
           1           6    25492680         483        6619         102           9
           2           6    25492663         493        6626         102          17
           3           6    25492655         487        6640         102           8
           4           6    25492644         490        6648         102          11
           5           6    25492633         466        6683         102          11
           6           6    25492629         463        6690         102           4
           7           6    25492624         455        6703         102           5
           8           6    25492619         457        6706         102           5
           9           6    25492617         445        6720         102           2
          10           6    25492608         430        6744         102           9
          11           6    25492599         422        6761         102           9
          12           6    25492594         405        6783         102           5
          13           6    25492582         388        6812         102          12
          14           6    25492564         380        6838         102          18
          15           6    25492549         382        6851         102          15
          16           6    25492537         392        6853         102          12
          17           6    25492514         409        6859         102          23
          18           6    25492493         412        6877         102          21
          19           6    25492475         429        6878         102          18
          20           6    25492448         453        6881         102          27
          21           6    25492423         463        6896         102          25
          22           6    25492410         469        6903         102          13
          23           6    25492392         486        6904         102          18
          24           6    25492363         503        6915         103          29
          25           6    25492326         523        6931         104          37
          26           6    25492289         533        6958         104          37
          27           6    25492243         558        6979         104          46
          28           6    25492198         603        6979         104          45
          29           6    25492117         655        7008         104          81
          30           6    25492048         724        7008         104          69
           1           7    25491964         776        7040         104          84
           2           7    25491883         807        7090         104          81
           3           7    25491629         832        7319         104         254
           4           7    25491522         903        7355         104         107
           5           7    25491435         946        7399         104          87
           6           7    25491298        1060        7420         106         137
           7           7    25491129        1194        7455         106         169
           8           7    25490998        1293        7487         106         131
           9           7    25490825        1380        7573         106         173
          10           7    25490525        1677        7576         106         300
          11           7    25490331        1716        7730         107         194
          12           7    25490088        1961        7727         108         243
          13           7    25489904        2104        7768         108         184
          14           7    25489634        2307        7835         108         270
          15           7    25489397        2448        7928         111         237
          16           7    25489074        2662        8035         113         323
          17           7    25488649        3002        8117         116         425
          18           7    25488443        3162        8161         118         206
          19           7    25488082        3407        8273         122         361
          20           7    25487815        3502        8444         123         267
          21           7    25487456        3858        8444         126         359
          22           7    25486988        4115        8653         128         468
          23           7    25486578        4398        8775         133         410
          24           7    25486289        4527        8929         139         289
          25           7    25485934        4788        9017         145         355
          26           7    25485481        5078        9170         155         453
          27           7    25484949        5463        9311         161         532