% date | month | susceptible | active cases | recovered case | deceased case | daily confirmed case
          15           2     5792202           0           0           0           0
          16           2     5792202           0           0           0           0
          17           2     5792202           0           0           0           0
          18           2     5792202           0           0           0           0
          19           2     5792202           0           0           0           0
          20           2     5792202           0           0           0           0
          21           2     5792202           0           0           0           0
          22           2     5792202           0           0           0           0
          23           2     5792202           0           0           0           0
          24           2     5792202           0           0           0           0
          25           2     5792202           0           0           0           0
          26           2     5792202           0           0           0           0
          27           2     5792201           1           0           0           1
          28           2     5792200           2           0           0           1
          29           2     5792199           3           0           0           1
           1           3     5792198           4           0           0           1
           2           3     5792198           4           0           0           0
           3           3     5792192          10           0           0           6
           4           3     5792188          14           0           0           4
           5           3     5792183          18           1           0           5
           6           3     5792181          20           1           0           2
           7           3     5792175          26           1           0           6
           8           3     5792167          34           1           0           8
           9           3     5792112          89           1           0          55
          10           3     5791940         261           1           0         172
          11           3     5791688         513           1           0         252
          12           3     5791528         673           1           0         160
          13           3     5791398         803           1           0         130
          14           3     5791366         834           1           1          32
          15           3     5791338         861           1           2          28
          16           3     5791288         909           1           4          50
          17           3     5791225         972           1           4          63
          18           3     5791145        1052           1           4          80
          19           3     5791051        1144           1           6          94
          20           3     5790947        1245           1           9         104
          21           3     5790876        1312           1          13          71
          22           3     5790807        1381           1          13          69
          23           3     5790742        1435           1          24          65
          24           3     5790611        1558           1          32         131
          25           3     5790478        1689           1          34         133
          26           3     5790325        1835           1          41         153
          27           3     5790156        1993           1          52         169
          28           3     5790001        2135           1          65         155
          29           3     5789807        2322           1          72         194
          30           3     5789625        2499           1          77         182
          31           3     5789342        2769           1          90         283
           1           4     5789095        2109         894         104         247
           2           4     5788816        2174        1089         123         279
           3           4     5788445        2425        1193         139         371
           4           4     5788125        2633        1283         161         320
           5           4     5787833        2863        1327         179         292
           6           4     5787521        3116        1378         187         312
           7           4     5787131        3377        1491         203         390
           8           4     5786800        3563        1621         218         331
           9           4     5786567        3662        1736         237         233
          10           4     5786383        3799        1773         247         184
          11           4     5786206        3781        1955         260         177
          12           4     5786028        3778        2123         273         178
          13           4     5785884        3798        2235         285         144
          14           4     5785691        3697        2515         299         193
          15           4     5785521        3624        2748         309         170
          16           4     5785323        3535        3023         321         198
          17           4     5785129        3348        3389         336         194
          18           4     5784960        3049        3847         346         169
          19           4     5784818        2888        4141         355         142
          20           4     5784687        2839        4312         364         131
          21           4     5784507        2625        4700         370         180
          22           4     5784290        2441        5087         384         217
          23           4     5784129        2295        5384         394         161
          24           4     5783992        2281        5526         403         137
          25           4     5783757        2358        5669         418         235
          26           4     5783627        2348        5805         422         130
          27           4     5783504        2312        5959         427         123
          28           4     5783351        2296        6121         434         153
          29           4     5783194        2199        6366         443         157
          30           4     5783044        2160        6546         452         150
           1           5     5782891        2122        6729         460         153
           2           5     5782795        2043        6889         475          96
           3           5     5782679        2052        6987         484         116
           4           5     5782532        2089        7088         493         147
           5           5     5782381        2022        7296         503         151
           6           5     5782264        1939        7493         506         117
           7           5     5782119        1858        7711         514         145
           8           5     5781984        1769        7927         522         135
           9           5     5781883        1700        8093         526         101
          10           5     5781773        1685        8217         527         110
          11           5     5781689        1658        8328         527          84
          12           5     5781611        1484        8580         527          78
          13           5     5781535        1471        8663         533          76
          14           5     5781489        1371        8805         537          46
          15           5     5781411        1295        8959         537          78
          16           5     5781344        1208        9107         543          67
          17           5     5781275        1153        9227         547          69
          18           5     5781234        1119        9301         548          41
          19           5     5781158        1077        9416         551          76
          20           5     5781085        1027        9536         554          73
          21           5     5781020         978        9643         561          65
          22           5     5780972         905        9764         561          48
          23           5     5780913         892        9836         561          59
          24           5     5780842         898        9900         562          71
          25           5     5780815         860        9964         563          27
          26           5     5780774         821       10044         563          41
          27           5     5780722         809       10106         565          52
          28           5     5780690         764       10180         568          32
          29           5     5780609         785       10240         568          81
          30           5     5780569         735       10327         571          40
          31           5     5780533         733       10362         574          36
           1           6     5780503         711       10412         576          30
           2           6     5780468         665       10489         580          35
           3           6     5780431         639       10552         580          37
           4           6     5780391         609       10620         582          40
           5           6     5780327         636       10653         586          64
           6           6     5780278         616       10721         587          49
           7           6     5780254         604       10755         589          24
           8           6     5780240         577       10792         593          14
           9           6     5780201         559       10849         593          39
          10           6     5780186         519       10904         593          15
          11           6     5780167         487       10955         593          19
          12           6     5780103         512       10993         594          64
          13           6     5780063         507       11035         597          40
          14           6     5780009         528       11068         597          54
          15           6     5779985         529       11090         598          24
          16           6     5779952         527       11125         598          33
          17           6     5779908         511       11185         598          44
          18           6     5779858         502       11242         600          50
          19           6     5779811         509       11282         600          47
          20           6     5779811         509       11282         600           0
          21           6     5779811         509       11282         600           0
          22           6     5779675         578       11347         602         136
          23           6     5779641         565       11393         603          34
          24           6     5779587         590       11422         603          54
          25           6     5779566         573       11460         603          21
          26           6     5779527         563       11508         604          39
          27           6     5779527         563       11508         604           0
          28           6     5779527         563       11508         604           0
          29           6     5779451         534       11612         605          76
          30           6     5779434         514       11649         605          17
           1           7     5779408         495       11693         606          26
           2           7     5779387         440       11769         606          21
           3           7     5779370         409       11817         606          17
           4           7     5779370         409       11817         606           0
           5           7     5779370         409       11817         606           0
           6           7     5779324         336       11935         607          46
           7           7     5779314         296       11983         609          10
           8           7     5779302         290       12001         609          12
           9           7     5779286         262       12045         609          16
          10           7     5779256         260       12077         609          30
          11           7     5779256         260       12077         609           0
          12           7     5779256         260       12077         609           0
          13           7     5779165         297       12130         610          91
          14           7     5779141         291       12160         610          24
          15           7     5779110         300       12182         610          31
          16           7     5779078         319       12195         610          32
          17           7     5779029         353       12209         611          49
          18           7     5779029         353       12209         611           0
          19           7     5779029         353       12209         611           0
          20           7     5778940         400       12251         611          89
          21           7     5778900         430       12261         611          40
          22           7     5778854         463       12274         611          46
          23           7     5778812         479       12299         612          42
          24           7     5778764         485       12340         613          48
          25           7     5778764         485       12340         613           0
          26           7     5778764         485       12340         613           0
          27           7     5778655         517       12417         613         109