% date | month | susceptible | active cases | recovered case | deceased case | daily confirmed case
          15           2     9890394           5           3           0           5
          16           2     9890393           6           3           0           1
          17           2     9890393           6           3           0           0
          18           2     9890393           6           3           0           0
          19           2     9890393           6           3           0           0
          20           2     9890393           6           3           0           0
          21           2     9890391           8           3           0           2
          22           2     9890389          10           3           0           2
          23           2     9890389          10           3           0           0
          24           2     9890389          10           3           0           0
          25           2     9890389          10           3           0           0
          26           2     9890389          10           3           0           0
          27           2     9890383          14           5           0           6
          28           2     9890383          14           5           0           0
          29           2     9890381          16           5           0           2
           1           3     9890381          16           5           0           0
           2           3     9890381          16           5           0           0
           3           3     9890375          22           5           0           6
           4           3     9890374          23           5           0           1
           5           3     9890374          23           5           0           0
           6           3     9890357          38           7           0          17
           7           3     9890357          38           7           0           0
           8           3     9890357          38           7           0           0
           9           3     9890343          47          12           0          14
          10           3     9890328          62          12           0          15
          11           3     9890328          57          17           0           0
          12           3     9890317          65          20           0          11
          13           3     9890317          65          20           0           0
          14           3     9890317          65          20           0           0
          15           3     9890304          75          23           0          13
          16           3     9890304          75          23           0           0
          17           3     9890289          87          26           0          15
          18           3     9890289          87          26           0           0
          19           3     9890262         109          31           0          27
          20           3     9890262         107          31           2           0
          21           3     9890249         113          38           2          13
          22           3     9890249         113          38           2           0
          23           3     9890204         155          41           2          45
          24           3     9890154         201          45           2          50
          25           3     9890069         279          52           2          85
          26           3     9890069         279          52           2           0
          27           3     9889997         351          52           2          72
          28           3     9889934         414          52           2          63
          29           3     9889832         509          58           3         102
          30           3     9889791         545          61           5          41
          31           3     9889738         597          61           6          53
           1           4     9889588         745          61           8         150
           2           4     9889378         920          96           8         210
           3           4     9889138        1147         108           9         240
           4           4     9888897        1370         125          10         241
           5           4     9888603        1645         144          10         294
           6           4     9888326        1898         167          11         277
           7           4     9888043        2161         186          12         283
           8           4     9887743        2408         239          12         300
           9           4     9887412        2708         268          14         331
          10           4     9887042        2926         418          16         370
          11           4     9886666        3128         588          20         376
          12           4     9886279        3421         680          22         387
          13           4     9885881        3644         852          25         398
          14           4     9885469        3972         933          28         412
          15           4     9885037        4298        1034          33         432
          16           4     9884577        4695        1095          35         460
          17           4     9884100        5077        1188          37         477
          18           4     9884100        5077        1188          37           0
          19           4     9883621        5454        1286          41         479
          20           4     9883137        5862        1360          43         484
          21           4     9882647        6266        1443          46         490
          22           4     9882164        6640        1546          52         483
          23           4     9881646        7063        1637          56         518
          24           4     9881121        7457        1760          64         525
          25           4     9880589        7855        1887          71         532
          26           4     9880053        8295        1978          76         536
          27           4     9879563        8667        2090          82         490
          28           4     9879022        9110        2181          89         541
          29           4     9878473        9502        2329          98         549
          30           4     9877921        9947        2429         105         552
           1           5     9877364       10384        2543         111         557
           2           5     9876803       10816        2664         119         561
           3           5     9876239       11274        2763         126         564
           4           5     9875672       11627        2966         137         567
           5           5     9875210       11893        3153         146         462
           6           5     9874664       12222        3359         157         546
           7           5     9874162       12503        3572         165         502
           8           5     9873609       12782        3837         174         553
           9           5     9872985       12937        4295         185         624
          10           5     9872204       13196        4804         198         781
          11           5     9871524       13296        5381         201         680
          12           5     9870741       13446        6012         203         783
          13           5     9870016       13657        6523         206         725
          14           5     9869318       13946        6930         208         698
          15           5     9868571       14293        7328         210         747
          16           5     9867775       14482        7931         214         796
          17           5     9867044       14626        8512         220         731
          18           5     9866212       14389        9577         224         832
          19           5     9865339       14045       10791         227         873
          20           5     9864398       13962       11809         233         941
          21           5     9863504       13906       12755         237         894
          22           5     9862510       13853       13798         241         994
          23           5     9861698       13965       14495         244         812
          24           5     9860917       14184       15056         245         781
          25           5     9860095       14402       15657         248         822
          26           5     9859316       14851       15982         253         779
          27           5     9858433       15343       16371         255         883
          28           5     9857870       15589       16685         258         563
          29           5     9857232       15813       17097         260         638
          30           5     9856506       16088       17546         262         726
          31           5     9855845       16361       17932         264         661
           1           6     9855210       16588       18338         266         635
           2           6     9854614       16793       18726         269         596
           3           6     9854043       16936       19153         270         571
           4           6     9853384       17173       19572         273         659
           5           6     9852760       17031       20337         274         624
           6           6     9852134       16932       21061         275         626
           7           6     9851594       16726       21806         276         540
           8           6     9851026       16820       22275         281         568
           9           6     9850498       16881       22740         283         528
          10           6     9849895       16206       24017         284         603
          11           6     9849416       15466       25234         286         479
          12           6     9848903       15266       25946         287         513
          13           6     9848412       14941       26761         288         491
          14           6     9848108       14543       27462         289         304
          15           6     9847766       14216       28129         291         342
          16           6     9847420       13828       28861         293         346
          17           6     9847038       13532       29537         295         382
          18           6     9846650       13213       30241         298         388
          19           6     9846257       12849       30996         300         393
          20           6     9845869       12478       31754         301         388
          21           6     9845477       12208       32415         302         392
          22           6     9845099       11954       33046         303         378
          23           6     9844719       11675       33703         305         380
          24           6     9844269       11421       34405         307         450
          25           6     9843839       11090       35165         308         430
          26           6     9843429       11194       35469         310         410
          27           6     9843042       11215       35834         311         387
          28           6     9842605       11073       36411         313         437
          29           6     9842156       10856       37076         314         449
          30           6     9841735       10786       37566         315         421
           1           7     9841333       10593       38160         316         402
           2           7     9840933       10488       38664         317         400
           3           7     9840261       10670       39153         318         672
           4           7     9839545       10679       39857         321         716
           5           7     9838862       10920       40297         323         683
           6           7     9838334       11023       40721         324         528
           7           7     9837802       10560       41714         326         532
           8           7     9837357       10436       42282         327         445
           9           7     9836825        9679       43570         328         532
          10           7     9836352        9751       43969         330         473
          11           7     9835949        9474       44648         331         403
          12           7     9835548        9381       45140         333         401
          13           7     9835204        9351       45513         334         344
          14           7     9834829        9213       46025         335         375
          15           7     9834554        9095       46418         335         275
          16           7     9834273        8382       47412         335         281
          17           7     9833980        7637       48448         337         293
          18           7     9833691        7456       48917         338         289
          19           7     9833480        7314       49269         339         211
          20           7     9833209        7232       49621         340         271
          21           7     9832904        7193       49964         341         305
          22           7     9832668        7038       50354         342         236
          23           7     9832414        6798       50848         342         254
          24           7     9832153        6671       51235         343         261
          25           7     9831840        6591       51628         343         313
          26           7     9831489        6387       52182         344         351
          27           7     9831225        6322       52510         345         264